4,2,5~6,2,5
5,8,104~5,9,104
2,0,278~4,0,278
4,5,292~4,8,292
3,5,226~4,5,226
2,5,49~5,5,49
3,3,124~3,5,124
2,3,99~2,5,99
0,3,286~2,3,286
8,1,27~8,3,27
7,5,210~9,5,210
5,2,233~7,2,233
4,4,161~4,7,161
6,1,54~8,1,54
0,4,149~1,4,149
3,3,54~3,5,54
0,1,290~3,1,290
2,7,34~5,7,34
4,1,134~5,1,134
8,9,175~9,9,175
9,2,89~9,5,89
7,5,209~7,7,209
0,3,95~0,6,95
2,5,128~5,5,128
7,5,107~7,8,107
7,6,73~9,6,73
7,6,149~7,6,151
3,1,131~6,1,131
6,9,110~6,9,110
1,6,210~1,8,210
3,3,224~3,5,224
0,8,218~0,8,220
9,1,148~9,1,150
3,8,189~4,8,189
3,1,203~5,1,203
3,3,176~3,4,176
6,7,259~7,7,259
6,8,105~7,8,105
7,3,182~8,3,182
7,4,2~9,4,2
1,1,237~1,5,237
2,6,7~5,6,7
8,1,144~9,1,144
3,8,99~5,8,99
5,5,101~5,6,101
5,3,82~5,6,82
8,6,25~8,6,27
4,7,67~5,7,67
4,3,158~6,3,158
7,5,281~7,6,281
7,5,92~9,5,92
4,4,226~7,4,226
0,7,56~1,7,56
1,1,17~3,1,17
1,2,131~3,2,131
